# oST version 5.0 parameters


[image]

width
964

height
724

[narrow_stereo]

camera matrix
484.130454 0.000000 457.177461
0.000000 484.452449 364.861413
0.000000 0.000000 1.000000

distortion
-0.199619 0.068964 0.003371 0.000296 0.000000

rectification
1.000000 0.000000 0.000000
0.000000 1.000000 0.000000
0.000000 0.000000 1.000000

projection
426.423584 0.000000 461.366281 0.000000
0.000000 432.826263 369.496601 0.000000
0.000000 0.000000 1.000000 0.000000

